%% n = 1

%% transition matrix n=1 -> 2 states
m_01_01 = 1-Pfm(1);
m_01_02 = Pfm(1);
m_02_01 = 0;
m_02_02 = 1;

t_01_01 = tm(1);
t_01_02 = tm(1);
t_02_01 = 0;
t_02_02 = 0;



M_N1 = [
    m_01_01 m_01_02; ...
    m_02_01 m_02_02
    ];

T_N1 = [
    t_01_01 t_01_02; ...
    t_02_01 t_02_02
    ];
